2
1
3
4
5
1
6
0
1
1
1
1
8
4
12
5
13
0
1
1
1
1
8
4
12
5
13
0
1
1
1
1
9
1
10
1
6
0
1
1
1
1
1
1
1
1
8
4
12
5
13
0
1
1
1
1
1
1
1
1
8
4
12
5
13
0
1
1
1
1
7
1
11
1
6
0
1
1
1
1
1
1
1
1
14
1
10
1
6
0
1
1
1
1
1
1
1
1
1
1
1
1
8
4
12
5
13
0
1
1
1
1
1
1
1
1
1
1
1
1
8
4
12
5
13
0
1
1
1
1
1
1
1
1
1
1
1
1
9
1
10
1
6
0
1
1
1
1
1
1
1
1
1
1
1
1
1
1
1
1
8
4
12
5
13
0
1
1
1
1
1
1
1
1
1
1
1
1
1
1
1
1
8
4
12
5
13
0
1
1
1
1
1
1
1
1
1
1
1
1
7
0
1
1
1
1
1
1
1
1
1
1
1
1
9
1
10
1
6
0
1
1
1
1
1
1
1
1
1
1
1
1
1
1
1
1
8
4
12
5
13
0
1
1
1
1
1
1
1
1
1
1
1
1
7
0
1
1
1
1
1
1
1
1
7
0
1
1
1
1
7
0
1
1
1
1
14
1
10
1
6
0
1
1
1
1
1
1
1
1
8
4
12
5
13
0
1
1
1
1
7
0
7
